1
1 569693.582692
2 518178.97583
4 570095.044597
8 525646.619628
16 569246.212441
32 544081.974299
64 546011.471679
128 542307.959849
256 512574.135225
512 449869.208392
1024 373731.080642
2048 350649.213745
4096 285452.282751
8192 218259.141266
2
1 1084553.09926
2 1078117.84569
4 1062450.9328
8 1056345.92239
16 1078450.18435
32 1091044.54991
64 1076063.77768
128 1013883.78368
256 891555.310326
512 779771.204454
1024 696276.750476
2048 568250.067779
4096 428129.676433
8192 285280.711271
4
1 1540757.22609
2 1720470.61537
4 1860065.82277
8 1964330.2976
16 2024294.32624
32 2039076.32687
64 1888401.09248
128 1753548.49281
256 1511240.14274
512 1322626.89585
1024 1118816.05606
2048 866518.646703
4096 568927.10124
8192 348719.721024
8
1 2824718.57335
2 3139604.43681
4 3173320.14997
8 3444930.68401
16 3577655.35808
32 3658598.77691
64 3125433.01056
128 2785277.7748
256 2567102.80126
512 2215020.46346
1024 1676054.0116
2048 1123139.38381
4096 696200.962582
16
1 4596012.23405
2 3737718.92185
4 4872986.7154
8 5386443.46386
16 5594806.23451
32 5065151.84078
64 4790928.46077
128 4376109.29877
256 3824202.09198
512 3010560.86417
1024 2131221.36228
2048 1332902.56483
32
1 6704085.61925
2 6429841.95784
4 7264852.71305
8 7995366.5993
16 8122588.37657
32 7922296.664
64 7486932.87396
128 6941867.36313
256 5525557.0553
512 3966539.80826
1024 2562036.03276
