# A B C SSD-File-R SSD-File-W STD-IN MAX_SGE_Latency
1   502693.527616   513385.666251   585281.444557   2532757.45335  1153056.45165    2696611.643695      2.27
2   738531.800415   1039421.59676   1167861.10221   4627061.85665  2191247.73037    5178154.288252      2.30
4   887424.388221   1944966.03439   2322177.00486   9267914.10728  3978193.69041    9125982.013128      2.38
8   1110416.25384   3654818.47862   4531598.66548   15984735.2652  6697376.20158    16876335.036104     2.49
16  1236402.32701   4607338.63787   9045367.48362   26561725.8256  10384719.5643    25681550.201232     2.72
32  1270625.33367   7564630.65591   16996293.0057   38882408.7102  14477081.1272    38716851.691008     3.26







