32
1 17297537.3014
2 17160966.3
4 16949353.0997
8 17029945.7087
16 17007600.7659
32 17536727.9216
64 16866162.8164
128 15917826.7773
256 13642711.7104
512 10293622.5947
1024 7012989.12817
2048 4753964.53452
4096 583367.958141
1
1 608301.767397
2 610000.319872
4 607615.553834
8 606341.923591
16 604781.414377
32 600057.314624
64 589260.906491
128 575419.134545
256 545724.102785
512 477233.664254
1024 399863.758756
2048 352759.811649
4096 287265.549461
8192 210506.424919
2
1 1218330.36583
2 1211775.52188
4 1215198.32321
8 1213561.73999
16 1211175.48081
32 1195428.6836
64 1172217.83072
128 1148506.89859
256 1086864.37379
512 944695.508086
1024 790124.838117
2048 692106.684341
4096 554121.33003
8192 382531.817723
4
1 2417711.52384
2 2409389.26133
4 2412080.89016
8 2411033.57386
16 2401892.45564
32 2383780.45076
64 2342178.27714
128 2287714.61754
256 2144179.57214
512 1848772.09221
1024 1535187.69046
2048 1310104.47834
4096 953101.978328
8192 637252.434049
8
1 4779096.8136
2 4742634.66086
4 4765754.97132
8 4736433.79897
16 4741440.69381
32 4745972.6201
64 4642380.70715
128 4492799.94207
256 4124935.84968
512 3553648.76063
1024 2878254.49098
2048 2239694.03063
4096 1535197.87295
8192 974784.916173
64
128
256
16
1 9259373.7716
2 9235645.11771
4 9104253.36824
8 9103275.08152
16 9085368.16379
32 9257160.57115
64 8997516.30235
128 8616539.17361
256 7700535.97535
512 6481694.3899
1024 4749857.38179
2048 3457444.50218
4096 2188473.12489
8192 1075770.56368
512
