1
1 540326.342331
2 543239.482999
4 542959.249693
8 541019.32771
16 526354.089522
32 534627.105964
64 528065.126402
128 477384.115192
256 483647.486139
512 445267.08247
1024 380400.864719
2048 336212.222854
4096 271343.19009
8192 215660.04458
2
1 748237.788139
2 755540.92383
4 759605.5564
8 789368.831222
16 788846.47342
32 756350.59996
64 783082.277806
128 779310.895205
256 778490.564763
512 670710.488772
1024 605692.493119
2048 526796.42193
4096 488068.404487
8192 368797.079834
4
1 936703.942845
2 935953.637159
4 961635.352357
8 958222.973052
16 967833.529378
32 971567.590068
64 960893.162382
128 942577.367931
256 958941.824635
512 955856.461561
1024 884715.627555
2048 837951.750727
4096 643213.832457
8192 492609.169711
8
1 1118581.10498
2 1170962.48715
4 1162449.94468
8 1139043.15533
16 1134262.22047
32 1108863.75782
64 1119352.96426
128 1150267.36631
256 1163800.70917
512 1097341.0593
1024 1123672.29872
2048 951380.671046
4096 768151.28952
8192 586482.208208
16
1 1259717.40186
2 1213653.98709
4 1210191.25366
8 1252617.52834
16 1222493.68485
32 1216646.05621
64 1254680.91697
128 1247333.7562
256 1256536.18984
512 1207190.91884
1024 1263156.77262
2048 1057880.22119
4096 609772.658666
