# -a-b-w -a-b-r -a-r -a-w -b-r -w -b-w -r ran-w seq-w ran-r seq-r
1 1504618.28425     416660.454783   501497.12569    1708932.464     523145.191  4770468.8223    1513302.91795   642683.233734	9368543.223972	80493377.378083	9794178.465958	0	80880176.497295
2 1498586.22101     416334.481346   499755.82475    1709696.854     523071.974  4779860.6712    1511258.75726   643851.243583	9251783.557142		80278345.888159	9780883.954285	0	80589362.722277
4 1503398.12055     416201.779382   497780.81843    1708466.636     522910.546  4748669.0628    1507804.77558   642494.04281	9285344.077225		80583114.171920	9710718.348452	0	80543109.930347
8 1500811.67457     415774.134796   500752.24102    1709187.380     522864.977  4724536.7393    1503021.65117   642345.453652	9163974.178918		76695418.009154		9498084.406479	0	74503034.516909
16 1501934.7334     415689.016699   502969.02541    1708050.957     522567.971  4763946.0743    1502950.06268   644157.105054	8927512.778140		62261688.240760		9171572.922595	0	63707748.987798
32 1481939.1527     413929.520757   499384.55281    1708622.658     518608.884  4761811.9871    1485213.27819   641855.944938	8541220.555870		47195726.920222		8826363.483148	0	47898944.708788
64 1461871.19704    410811.436285   493619.49243    1709301.966     511855.798  4729312.4965    1481728.52712   636737.170001	7703391.446394		34720843.302845		7667134.955610	0	31066915.277796
128 1371878.47174   405055.856494   485834.51759    1705299.666     502593.403  4656754.5109    1404816.88173   628355.035232	4818317.932638		19229866.871135		5000795.347824	0	15328373.142833
256 1271993.70919   390264.210578   464793.13489    1616787.821     480302.568  4573529.7741    1295988.88392   593866.506551	2297938.236971		10192388.258903		2409636.411255	0	7973774.911821
512 1105703.96201   358466.373737   418151.32647    1433419.836     433029.413  3813116.3628    1120787.80447   522798.006012	1999473.069773		5585086.725050		1899572.364699	0	4302041.540620
1024 1074682.4391   315704.381493   360053.70355    1174445.210     371256.700  2464251.8495    1104290.90756   433376.425272	1520653.131263		2956061.040094		1390630.104493	0	2267338.912219
2048 864100.37583   290620.904356   328590.08724    889577.9969     324901.259  1313132.6925    953903.839861   371847.707992	928426.757672		1386355.640351		792033.555944	0	1486152.668874
4096 590727.59599   253094.848414   280991.92369    602748.0165     270189.624  670468.57413    647048.650806   300586.38378	558156.883800		692750.933767		451716.819955	0	791232.416566
8192 338419.08329   201173.461014   216862.69689    334537.3310     204142.058  337430.86652    343697.451466   219076.064891	303052.712969		361106.938010		255125.807434	0	284137.464991

























