# B-batch-size-4 A-batch-size-4 A-batch-size-16 B-batch-size-16
1 1540757.22609    936703.942845    1259717.40186    4596012.23405  2417711.52384   9259373.7716
2 1720470.61537    935953.637159    1213653.98709    4737718.92185  2409389.26133   9235645.11771
4 1860065.82277    961635.352357    1210191.25366    4872986.7154   2412080.89016   9104253.36824
8 1964330.2976     958222.973052    1252617.52834    5386443.46386  2411033.57386   9103275.08152
16 2024294.32624   967833.529378    1222493.68485    5594806.23451  2401892.45564   9085368.16379
32 2039076.32687   971567.590068    1216646.05621    5065151.84078  2383780.45076   9257160.57115
64 1888401.09248   960893.162382    1254680.91697    4790928.46077  2342178.27714   8997516.30235
128 1753548.49281  942577.367931    1247333.7562     4376109.29877  2287714.61754   8616539.17361
256 1511240.14274  958941.824635    1256536.18984    3824202.09198  2144179.57214   7700535.97535
512 1322626.89585  955856.461561    1207190.91884    3010560.86417  1848772.09221   6481694.3899
1024 1118816.05606 884715.627555    1263156.77262    2131221.36228  1535187.69046   4749857.38179
2048 866518.646703 837951.750727    1057880.22119    1332902.56483  1310104.47834   3457444.50218
#4096 568927.10124  643213.832457    609772.658666   0              953101.978328   2188473.12489
#8192 348719.721024 492609.169711    0               0              637252.434049   1075770.56368